100047830
100047831
100047832
100047833
100047835
100047834
100047837
100047836
100047838
100047840
100047839
100047841
100047842
100047843
100047844
100047845
100047846
100047847
100047848
100047849
100047850
100047851
100047852
100047853
100047781
100047854
100047855
100047856
100047857
100047858
100047859
100047860
100047861
100047862
100047863
100047864
100046424
100045111
100045110
100045108
100040660
100047865
100040658
100040651
100040448
100040198
100035550
100035528
100025569
100025088
100025083
100020493
100017352
100013528
100013527
100013078
100013076
100013075
100009638
100009417
100009416
100047867
100047866
100047868
100047869
100047870
100047872
100047871
100047873
100047874
100047875
100047877
100047876
100047878
100047879
100047881
100047882
100047884
100047883
100047886
100047885
100047888
100047889
100047887
100047890
100047891
100047892
100047893
100047894
100047895
100047896
100047897
100047898
100047899
100047900
100047901
100047903
100047902
100047904
100047905
100047907
100047906
100047908
100047909
100047910
100047911
100047912
100047913
100047914
100047915
100047916
100047918
100047919
100047920
100047921
100047923
100047922
100047924
100047925
100047926
100047928
100047927
100047929
100047931
100047930
100047933
100047932
100047934
100047935
100047936
100047937
100047938
100047941
100047943
100047940
100047944
100047945
100047946
100047942
100047947
100047949
100047948
100047951
100047950
100047952
100047954
100047953
100047955
100047956
100047957
100047958
100047959
100047960
100047961
100047962
100047963
100047964
100047965
100047966
100047967
100047969
100047970
100047968
100047971
100047972
100047974
100047975
100047976
100047977
100047978
100047973
100047979
100047980
100047982
100047981
100047983
100047984
100047986
100047987
100047985
100047989
100047988
100047990
100047991
100047992
100047993
100047994
100047996
100047997
100047999
100047995
100047998
100048000
100048001
100048002
100048003
100048004
100048009
100048010
100048011
100048012
100048015
100048016
100048017
100048020
100048022
100048023
100048024
100048025
100048026
100048013
100048027
100048028
100048029
100048031
100048030
100048032
100048035
100048034
100048037
100048038
100048039
100048040
100048041
100048036
100048033
100048043
100048042
100048044
100048045
100048046
100048048
100048047
100048050
100048052
100048051
100048053
100048054
100048055
100048057
100048056
100048058
100048061
100048059
100048060
100048062
100048063
100048064
100048066
100048065
100048068
100048069
100048070
100048071
100048073
100048072
100048074
100048075
100048076
100048078
100048079
100048080
100048081
100048083
100048082
100048084
100048085
100048086
100048088
100048087
100048089
100048090
100048091
100048092
100048093
100048094
100048095
100048097
100048098
100048100
100048099
100048102
100048101
100048103
100048104
100048106
100048105
100039629
100039722
100039735
100039360
100039637
100039364
100039418
100034741
100033179
100034732
100028004
100034711
100034709
100048110
100033188
100033185
100048112
100033779
100035639
100035153
100048111
100048096
100048107
100048113
100048109
100048116
100048117
100048115
100048118
100048114
100048120
100048121
100048119
100048122
100048123
100048124
100048125
100048126
100048127
100048129
100045146
100045148
100045149
100035533
100030036
100045218
100048130
100048131
100048132
100048133
100048135
100048134
100048136
100048138
100048137
100048140
100048139
100048142
100048141
100048144
100048143
100048145
100048146
100048147
100048148
100048149
100048150
100048152
100048154
100048153
100048155
100048157
100048162
100048164
100048163
100048167
100047470
100024493
100024489
100024486
100048168
100048173
100048174
100048176
100048175
100048177
100048178
100048179
100048181
100048182
100048183
100048184
100048185
100048186
100048187
100048188
100048189
100048190
100048191
100048192
100048193
100048194
100048195
100048196
100048197
100048198
100048199
100048200
100048201
100048203
100048204
100045233
100045230
100045210
100048205
100048207
100048206
100048208
100048209
100048210
100048211
100048212
100048213
100048214
100048215
100048216
100048217
100048219
100048218
100048220
100048221
100048222
100048223
100048224
100048225
100048226
100048227
100048229
100048228
100048230
100048231
100048233
100048232
100048234
100048235
100048236
100048237
100048239
100048240
100048242
100048243
100048244
100048245
100048246
100048247
100048248
100048249
100048250
100048252
100048253
100045751
100045758
100048254
100048255
100048257
100048256
100048258
100048259
100048260
100048261
100048262
100048263
100048264
100048265
100048266
100048268
100048269
100048270
100048271
100048272
100048273
100048274
100048275
100048276
100048277
100048278
100048279
100048280
100048281
100048282
100048283
100048284
100048285
100048286
100048287
100048288
100048289
100048290
100048241
100048292
100048291
100048293
100048295
100048296
100048294
100048297
100048298
100048299
100048300
100048301
100048302
100048303
100048305
100048304
100048306
100048307
100048308
100048310
100048309
100048311
100048312
100048313
100048314
100048315
100048316
100048317
100048318
100048319
100048321
100048322
100048320
100048323
100048324
100048325
100048326
100048327
100048328
100048329
100048330
100048331
100048332
100048333
100048334
100048335
100048336
100048337
100048338
100048339
100048340
100048342
100048341
100048343
100048344
100048345
100048347
100048350
100048351
100048352
100048353
100048355
100048356
100048357
100048358
100048359
100048360
100048361
100048362
100048363
100048364
100048365
100048366
100048367
100048368
100048369
100048370
100048371
100048372
100048373
100048374
100048375
100048376
100048377
100034687
3362
100013349
100043670
100044576
100025726
100028032
100028222
100029702
100037832
100037327
100027994
100027997
100048378
100009941
100048379
100048380
100046362
100046381
100046383
100046364
100046376
100046377
100046380
100046389
100046360
100046365
100048381
100048382
100048383
100048384
100048385
100048386
100048387
100048388
100048389
100010222
100048390
100048391
100038293
100039462
100039455
100039463
100043410
100048393
100048005
100048007
100048008
100048014
100048018
100048019
100048021
100048067
100048151
100048156
100048158
100048159
100048160
100048161
100048165
100048166
100048169
100048348
100048349
100048394
100048396
100048397
100048398
100048399
100048400
100048401
100048402
100048403
100048404
100048405
100048406
100048407
100048408
100048409
100048410
100048411
100048412
100048413
100048414
100048415
100048416
100048417
100048418
100048419
100048420
100048421
100048422
100048423
100048424
100048425
100048426
100048427
100048428
100048429
100048430
100048431
100048432
100048434
100048435
100048436
100048437
100048439
100048440
100048441
100048442
100048443
100048444
100048438
100048445
100048447
100048446
100048448
100048449
100048451
100048450
100048452
100048453
100043567
100043566
100043565
100047088
100047089
100037728
100047383
100047186
100032489
100032542
100032784
100032530
100032524
100044301
100044296
100048454
100025398
100041240
100027962
100027961
100032455
100048455
100042306
100045041
100045194
100042310
100046700
100048456
100042311
100044977
100038028
100035801
100040347
100043263
100046645
100042309
100044733
100042308
100040087
100043574
100042307
100042305
100011602
100048457
100045030
100041328
100042312
100047201
100044952
100044954
100043667
100015079
100044231
100048458
100041688
15627
100032280
100040453
100026977
100026687
12857
100048460
100048459
100029848
100027146
100036531
100048461
100048462
100048463
100048464
100048465
100035880
100048466
100035883
100048468
100048469
100048467
100048470
100048471
100048472
100048473
100048474
100048475
100048477
100048478
100048479
100048476
100048480
100048481
100048482
100048483
100048485
100048484
100048486
100048487
100048488
100048489
100048490
100012942
100012945
100013629
100013630
100017996
100017965
100025971
100028123
100028790
100048491
100048492
100048493
100048494
100048495
100048497
100048496
100048498
100048499
100048500
100048501
100048502
100048503
100048504
100048505
100048507
100048508
100048509
100048510
100048511
100048513
100048515
100048516
100048517
100048512
100048518
100048519
100048520
100048522
100048521
100048524
100048525
100048526
100048523
100028846
100048527
100048528
100041577
100041683
100048529
100041762
100041687
100043756
100041927
100034774
100037177
100040136
100043741
100031244
100030330
100030298
100043743
100048530
100048531
100048532
100048533
100048534
100048535
100048536
100048537
100048538
100048540
100048539
100045040
100048542
100048543
100048541
100048544
100048545
100047726
100047728
100047729
100047730
100047731
100047732
100047733
100047734
100047735
100047736
100047737
100047738
100047739
100047740
100047741
100047742
100047743
100047744
100047745
100047746
100047747
100047748
100047749
100047750
100047751
100047752
100047753
100047755
100047756
100047757
100047758
100047760
100047761
100047762
100047764
100047765
100047763
100047766
100047767
100047768
100047770
100047769
100047771
100047772
100047773
100047774
100047775
100047776
100047778
100047777
100047779
100047780
100047782
100047783
100047784
100047785
100047786
100047787
100047789
100047788
100047791
100047790
100047792
100047793
100047794
100047795
100047796
100047797
100047798
100047799
100047800
100047801
100047802
100047803
100047804
100047805
100047806
100047807
100047808
100047809
100047810
100047811
34716
100047812
100047813
100047814
100047816
100047815
100045085
100045098
100045093
100045095
100047818
100047817
100047819
100035530
100025296
100047820
100047821
100047822
100047823
100047824
100047825
100047826
100047827
100047828
100047829
100048548
100048549
100048552
100048554
100048555
100048557
100048556
100048558
100048559
100048561
100048562
100048560
100048564
100048565
100048566
100048567
100048568
100034547
100034561
100031178
100048569
100028563
100023120
100023110
100016966
100012071
100012055
12138
100024366
100048570
100002449
100029675
100035822
100034868
1535
100016835
100025807
100033141
3669
12502
100035293
100035340
100035218
100014445
33360
100004153
100019304
100033443
100048572
100048573
100048574
100048575
100048576
100048577
100048578
100048579
100048580
100048581
100048582
100048583
100048584
100048587
100048588
100048585
100048586
100048590
100048589
100048592
100048591
100048594
100048595
100033272
100033422
100037289
100037369
100027434
100027435
100027583
100043361
100034736
100035125
100018531
100029553
100031395
100026739
100030567
100009797
100033047
8393
100025792
100009674
100017845
100029483
100039521
100048596
100048598
100048599
100048600
100048601
100048602
100048603
100048605
100048606
100021602
100032181
100004059
100004093
100035712
100012901
100035824
100039301
100014968
33472
100031901
100048607
33363
100028568
100018570
100034391
100035890
100028838
100024919
100035894
100041938
100048610
100016463
100028670
100016923
100038635
100038097
100012070
100038634
100037860
100024907
100024865
100029668
100016701
100029384
100026436
100029991
100048613
100024954
100029250
100025114
100036021
1132
100016812
100036778
22127
100006837
100016470
100048611
1177
100037524
100008473
100048615
100048616
100048617
100048614
100048609
100048620
100048619
100048621
100048623
100048622
6441
100030177
100010124
100000922
100030215
100030254
100048625
100048626
100048628
100048629
100048630
100048631
100048632
100048633
100048634
100048635
100048636
100048637
100048638
100048639
100048640
100048641
100048642
100048644
100048645
100048647
100048648
100048649
100048650
100048651
100048652
100048653
100048655
100048656
100048654
100048657
100048658
100048660
100048659
100048661
100048662
100048663
100048665
100048666
100048668
100048670
100048669
100048672
100048664
100048671
100048673
100048674
100048675
100048676
100048678
100048677
100048680
100048681
100048679
100048682
100048683
100048684
100048685
100048687
100048688
100048689
100048686
100048691
100048690
100048692
100048693
100048694
100048696
100048695
100048699
100048697
100048698
100048701
100048700
100048703
100048702
100048704
100048705
100048706
100048707
100029767
100048708
100048709
100042924
100048710
100028929
100034585
100048711
100048712
100048717
100048718
100043424
100033729
100027778
100022560
100022453
100022451
100044540
100048719
12739
100012825
100010510
100027588
100048720
100048721
100048722
100048723
100048724
100048726
100048725
100048727
100048728
100048729
100048730
100048731
100048732
100048733
100048734
100048736
100048735
100048737
100048738
100048739
100048740
100048742
100048743
100048741
100048744
100048746
100048745
100048747
100046461
100046455
100046441
100046436
100046370
100033361
100033360
100033359
100022060
100015365
100015364
100035638
100048748
100048749
100048751
100048752
100048753
100048754
100048755
100048756
100048757
100048758
100048760
100048759
100048761
100048762
100048763
100048764
100048766
100048767
100048768
100023436
100048769
100021521
100021520
100017900
100014039
100005151
100002237
100043355
100048770
100048772
100017607
100039808
100002807
100026899
100019791
100013592
100042635
100016056
100048771
100048774
100048773
100048775
100018075
100024140
100043677
100043678
100046471
100047575
100043748
100041381
100043145
100040570
100048776
100048777
100048778
100048779
100048780
100048782
100048781
100048785
100048784
100048786
100048787
100006494
100048788
100048789
100048791
100048790
100048793
100048792
100048794
100048795
100048796
100048797
100048799
100048798
100048802
100048803
100048804
100048806
100048805
100048807
100048808
100048809
100048810
100048800
100048811
100048812
100048813
100048814
100048815
100043187
100034923
100034922
100048816
100048817
100048819
100048818
100048820
100048821
100048823
100048822
100048825
100048824
100048827
100048826
100048828
100048829
100048830
100048831
100048833
100048832
100048836
100048835
100048837
100048838
100048839
100048840
100048842
100048841
100048843
100048845
100048846
100048847
100048849
100048848
100048850
100048851
100048855
100048852
100048856
100048857
100048859
100048860
100048858
100048861
100048863
100048864
100048862
100047244
100047247
100048865
100048867
100048866
100048869
100048870
100048872
100048871
100048873
100048874
100048868
100048875
100048876
100048877
100048878
100048879
100048880
100048882
100048884
100048881
100048883
100048885
100048887
100048886
100048888
100048889
100048890
100048892
100048891
100048893
100048894
100048895
100048896
100048897
100048898
100005975
100032118
11638
100035697
17027
100011028
100026918
32012
100036525
100006682
100048899
100048900
100048902
100048901
100048903
100048904
100048905
100048906
100048907
100048908
100048910
100048909
100048911
100048912
100048913
100048914
100048915
100048916
100048917
100048918
100048919
100048920
100048921
100048923
100048922
100048924
100048928
100048927
100048925
100048930
100048929
100048931
100048934
100048933
100042423
100042814
100042944
100042943
100043076
100043452
100043453
100044914
100044930
100044935
100045251
100048936
100045429
100045434
100045439
100045612
100045617
100047092
100047086
100048935
100048937
100048939
100037437
100048938
100048940
100048941
100048942
100048943
100048944
100048945
100048946
100048947
100048948
100048949
100048950
100048951
100048952
100048954
100048955
100048953
100048958
100048961
100048962
100048963
100048965
100048964
100048966
100048967
100048968
100048969
100048970
100048971
100019790
100048973
100048972
100048974
100048975
100048978
100048977
100048979
100048976
100038069
100038067
100038071
100038073
100048980
100048981
100048982
100048984
100048983
100048985
100048986
100048987
100048989
100028686
100020072
34489
100048990
100007328
100048988
35520
13129
100015165
100015085
100028701
100048991
100048993
100048992
100048994
100048995
100048996
100048997
100048998
100049001
100048999
100049002
100049003
100049004
100045865
100033469
100049006
100049005
100049007
100049008
100049009
100049010
100049011
100049012
100049016
100049015
100049013
100049017
100049019
100049020
100049018
100049021
100049022
100049023
100049024
100049025
100049026
100049028
100049029
100032257
100049027
100049030
100049031
100049032
100049033
100049036
100049037
100049035
100049038
100049034
100049039
100049040
100049041
100049042
100049043
100049044
100049045
100049046
100049047
100049048
100049049
100049051
100049052
100049054
100049055
100049057
100049056
100049058
100049059
100049061
100049060
100049062
100049063
100049064
100049065
100049067
100049066
100049069
100049070
100049071
100049072
100049074
100049073
100049077
100049078
100049076
100049079
100042987
100049080
100049081
100049082
100049083
100049085
100049086
100049087
100049088
100049089
100049091
100049090
100049092
100049093
100049094
100049095
100049096
100049097
100049098
100049099
100049100
100049101
100049102
100049104
100049103
100049105
100049107
100049106
100049108
100049109
100049110
100049111
100049114
100049115
100049116
100049117
100049118
100049119
100049120
100049121
100049122
100049123
100049124
100049125
100049126
100049127
100016383
100017916
100037620
100017917
100016378
100016382
100049128
100049129
100049130
100049131
100049132
100005827
100005825
100047270
100006990
100049133
110
113
114
115
116
117
118
487
550
100049134
17016
17171
17172
17174
17176
17177
17178
17180
17181
22152
100001679
100001680
100001681
100001682
100001683
100001684
100001685
100001687
100004077
100004079
100005798
100005799
100005800
100005802
100005804
100005807
100005808
100005809
100005810
100047248
100047251
100047253
100047257
100047260
100047262
100047264
100047267
100040013
100031351
100020781
100005609
100005607
100036578
100020957
17003
100036387
100021666
14247
100027059
13124
100001468
100049135
100049136
100019782
100016247
100021865
100007102
100034749
100004225
100032272
100020516
33183
100035010
100020153
100025274
34432
100043180
100032336
100027134
100027115
100027110
100035070
100015538
100015160
100019045
100032026
100030200
100036213
35390
100027120
100019355
100005812
100005813
100005814
100005815
100005816
100005817
100010962
100047273
100005818
100047274
100005826
100029377
100047277
100047278
100005820
100005821
100005822
100047279
100047280
663
664
665
667
10327
11439
14192
16027
16762
100049137
100049138
16763
31672
34118
34119
100003007
100003009
100003010
100049139
100049140
100003012
100004218
100004220
100035754
100041425
100049141
100043859
100047664
100047665
100047666
100047668
100047669
100047671
100047674
100047675
100047677
670
672
100049142
15547
15550
100049143
33219
33220
35431
100010641
100010642
100049145
100016159
100021002
100036446
100036447
100049144
100049147
100049146
261
100049148
100049150
100049149
100049152
100049151
100049153
100049154
100049155
100049156
100049157
100049158
100049159
100049160
100049161
100049162
100049163
100049164
100049166
100049165
100049167
100049168
662
100049169
100049171
100049170
100049172
100049173
100033537
100049175
100049174
100049176
100049178
100049177
100049181
100049184
100049183
100049182
100049186
100049185
100049188
100049190
100049191
100049192
100049189
100049193
100049194
100049195
100049196
100049187
100049197
100049198
100049199
100049200
100049202
100049201
100049203
100049205
100049206
100049207
100049208
100049210
100009967
100003186
100000931
100049209
100017971
100023659
100028892
100009978
100012767
100024497
100028890
100049212
100049214
100049215
100049216
100049217
100049219
100049218
100026866
100026905
100026908
100026914
100026913
100026912
100026906
100026907
100026910
100049222
100049221
100049223
100049224
100049225
100049226
100039847
100034944
100040017
100035223
35222
100039376
100035349
100042778
100025575
100045278
100042781
100039373
100035345
100034969
100024766
100028984
100017493
100032810
100046254
100046225
100040019
100039480
100042997
100029639
100028988
100046268
100046264
100042981
100040023
100049228
100049229
100028571
100041009
100040081
100033638
100033643
100033639
100037724
100029530
100041135
100023509
100041137
100039335
100041139
1643
100016633
100018789
100049230
100030873
100034323
100012000
100029444
100036977
100037440
100042601
100049231
100049232
100049233
100049234
100049235
100049237
100049238
100049236
100049239
100049240
100049242
100049241
100049243
100049244
100049245
100049246
100049248
100049247
100049249
100049250
100049251
100049252
100049254
100049253
100049255
100049256
100049257
100049258
100049259
100049260
100049261
100049262
100049263
100049264
100049265
100049266
100049267
100049268
100049270
100049271
100049272
100049274
100049273
100049275
100049276
100049277
100049278
100049279
100049280
100049281
100049282
100049283
100049284
100049285
100049286
100049287
100049288
100049290
100049291
100049292
100049289
100049293
100049294
100044456
100044450
100045957
100049295
100049296
100049297
100049298
100049299
100049300
100049301
100049303
100049302
100049304
100049305
100049307
100049306
100049308
100049309
100049310
100049311
100049312
100049313
100049314
100038799
100029572
100049315
100049316
100049317
100049318
100049319
100049320
100038942
100049322
100049321
100049323
100049324
100049325
100046987
100044415
100044431
100044368
32912
100013615
100017962
22350
32911
100029704
100049327
100049326
100049329
100049330
100049331
100049332
100049333
100049334
100049335
100049336
100049337
100049338
100049339
100049340
100049341
100049342
100049343
100049344
100049345
100049346
100030638
100032618
100032857
100034808
100034809
100024656
100029757
100034934
100034932
100035099
100028428
100049347
100049349
100049348
100049350
100049351
100049352
100049354
100049353
100049355
100049356
100049357
100049358
100049359
100049360
100049362
100049361
100049363
100049364
100025731
100049366
100049365
34011
34012
34013
100002938
100027894
100028086
100028087
100035168
100035169
100035347
100042821
100042828
100043460
100043688
100045223
100049367
100049368
100049369
100049370
100049371
100049372
100049373
100049374
100049375
100049376
100049377
100049378
100049379
100049380
100049381
100049382
100049383
100049384
100049385
100049386
100034989
100049387
100049389
100049390
100049391
100049388
100049394
100049392
100029788
100029786
100044804
100044176
100044283
100049395
100044016
100047715
100049396
100039534
100044460
100044031
100045528
100039555
100044015
100039162
100044040
100044510
100044014
100043097
100049397
100049399
100049398
100049400
100049401
100049402
100049403
100049404
100046300
100049405
100049406
100049407
100049409
100049410
100049408
100049411
100049413
100049412
100049414
100049416
100049415
100049422
100049420
100049421
100024735
100049424
100049426
100049425
100049423
100049427
100049428
100049429
100049431
100049430
100049432
100049434
100049433
100032387
100049435
100049436
100049437
100049439
100049438
100049441
100049442
100049443
100049444
100049445
100049446
100049448
100049447
100049449
100049450
100049451
100049453
100049452
100049454
100049455
100049456
100049457
100049458
100049459
100049460
100049461
100049462
100049463
100049464
100049467
100049466
100049465
100049468
100049440
100049469
100049470
100049471
100049472
100049473
100049474
100049475
100029547
100029549
100049476
100049478
100027597
100049479
100049480
100049482
100049481
100049483
100049484
100049485
100049486
100049487
100049488
100049489
100049492
100049490
100049491
100049493
100049494
100044100
100044099
100043179
100043066
100042820
100042819
100031695
100031694
100031692
100049495
100049497
100049496
100049498
100049499
100049500
100049501
100049502
100049504
100049506
100049503
100049505
100049507
100049508
100049510
100049512
100049509
100049511
100049513
100049514
100049515
100049516
100049518
100049519
100049520
100049517
100049521
100049523
100049522
100049524
100049525
100049527
100049528
100049526
100049529
100049530
100049531
100049532
100049533
100049534
100049536
100049535
100049537
100049538
100049539
100049540
100049542
100049543
100049541
100049544
100049545
100049546
100049548
100049550
100049549
100039702
100049551
100049552
100049553
100049554
100049555
100049556
100049557
100049558
100049559
100049561
100049560
100026146
100031870
100019810
100001470
100049563
100021246
100049564
100049562
100049566
100049565
100049567
100049569
100049570
100049571
100049572
100049573
100049574
100049576
100049579
100049578
100049581
100049582
100049583
100049584
100049585
100049586
100049587
100049591
100049588
100049590
100049592
100049593
100049595
100049594
100049596
100049598
100049599
100043496
100049597
100044959
100049601
100049600
100049602
100049603
100049604
100049605
100049606
100049607
100049608
100049610
100049613
100049614
100049611
100039451
100039453
100039460
100049616
100049612
100049615
100049617
100049619
100049618
100049620
100049621
100049623
100041268
100049622
100049624
100049625
100049626
100049627
100049628
100049629
100049630
100049631
100049632
100049633
100049634
100049635
100049636
100049637
100049638
100049639
100049640
100049642
100049641
100049643
100049645
100049646
100049647
100049644
100049648
100049650
100049651
100049652
100049653
100049654
100049656
100049655
100049657
100049658
100049659
100049660
100049661
100049663
100049664
100049666
100049665
100049668
100049667
100049669
100049671
100049670
100049673
100049674
100049676
100049675
100049677
100049679
100049680
100049678
100049681
100049682
100049683
100049684
100049685
100049686
100049689
100049690
100049691
100049692
100049693
100049694
100049695
100049696
100049697
100049698
100049699
100049701
100049704
100049703
100049705
100049702
100049706
100049707
100049708
100049709
100049710
100049711
100049712
100049714
100049715
100049716
100049717
100049718
100049720
100049721
100049719
100049722
100049723
100049724
100049725
100049726
100049727
100049728
100049729
100049730
100049731
100049732
100049713
100049734
100049735
100049737
100049738
100049733
100049739
100049741
100049740
100049743
100049742
100049744
100049745
100049746
100049747
100049748
100049750
100049749
100049751
100049752
100049754
100049755
100049753
100049756
100049757
100049758
100049759
100049760
100049762
100049761
100049763
100049764
100049765
100049767
100049766
100049768
100049769
100045437
100049770
100049771
100049773
100049774
100049772
100049776
100049777
100049778
100049779
100049780
100049782
100049781
100049783
100049784
100049785
100049787
100049786
100049788
100049789
100049790
100049792
100049791
100049793
100049794
100049795
100049797
100049796
100049798
100049799
100049800
100049801
100049803
100049802
100049804
100049806
100049805
100049807
100049808
100049809
100049810
100049812
100049813
100049814
100049815
100049816
100049818
100049819
100049820
100049821
100049822
100049825
100049824
100049823
100049826
100049829
100049828
100049830
100049831
100049832
100049827
100049833
100049834
100049835
100049575
100018316
100018321
100018317
100013430
100000649
100047081
100018248
100018249
100025860
100002940
100010105
100046386
100024499
100009980
100039935
100039937
100049836
100049838
100049840
100049841
100049842
34600
34601
100020240
100020331
333
100020359
100020272
21651
100049843
100049844
100049846
100049845
100049849
100049850
100049847
100049851
100049852
100049853
100049854
100049855
100049857
100049858
100049859
100049860
100049856
100049861
100049862
100049863
100049866
100049865
100049867
100049869
100049864
100049868
100049871
100049872
100049873
100049874
100049875
100049876
100049877
100049878
100049879
100049880
100049881
100049882
100049884
100049883
100049885
100049886
100049888
100049889
100049887
100049890
100049891
100049893
100049892
100049895
100049894
100049896
100049897
100049898
100049899
100049900
100049901
100049902
100049903
100049906
100049908
100049907
100049909
100049910
100049911
100049912
100049913
100049914
100049915
100049916
100049917
100049918
100049919
100049920
100049921
100049922
100049923
100049925
100049924
100049926
100049927
100049928
100049929
100049930
100049931
100049932
100049933
100049934
100049935
100049936
100049937
100049938
100049939
100049940
100049941
100049942
100049943
100049945
100049944
100049946
100049947
100049948
100049949
100049950
100049951
100049952
100049953
100049954
100049955
100049956
100047323
100049957
100049959
100049958
100049960
100049961
100049962
100049963
100049964
100049965
100049967
100049968
100049969
100049970
100049971
100049972
100049973
100049975
100049976
100049977
100049978
100049979
100049981
100049980
100049983
100031431
100049982
100049984
100049985
100049987
100049986
100049988
100049989
100049990
100049991
100049992
100049994
100049995
100049996
100049997
100049998
100049999
100050000
100032172
100050001
100050003
100050004
100050005
100050006
100050008
100050007
100050010
100050009
100050002
100050012
100033634
100050011
100050013
100050014
100050015
100050016
100050017
100050018
100050019
100050020
100050021
100018098
100013206
33822
21240
12493
100050022
100027216
100040290
100026722
100050023
100025846
100018223
100018292
100018221
100006180
100031603
100047304
100032101
100032069
100030363
100050025
100050024
100050026
100050027
100050028
100050029
100050031
100050030
100050032
100050033
100050034
100050036
100050038
100033736
100022305
100050039
100050037
100050040
100050041
100050042
850
3120
100050044
100050043
3573
7203
100050045
8781
100050047
100050048
100050049
100050050
100050052
100050051
12435
100050053
12501
12155
12547
100050054
12928
100050055
13459
100050056
13769
16071
100042314
100031711
100018994
100040788
100050057
100017655
232
21361
100050058
100050059
21791
100050060
32761
100050061
32907
100050062
33583
100050063
34215
100050064
34452
100050065
35183
100050066
100050067
100000873
100001488
100002905
100003230
100006756
100050068
100007921
100050069
100008887
100050070
100007013
100010265
100010394
100010603
100050071
100050072
100012868
100050073
100050074
100050075
100044971
100046435
100046694
100046696
100046686
100045588
100042536
32843
100045227
100027749
100037968
100032854
100037222
100038006
100037203
100032747
100032748
100032743
100032745
100027581
100045084
100050076
100030804
100031627
100016113
100039170
100027587
100050078
100017071
100017209
100050077
100050079
100044979
100050080
100050081
100022062
100050082
100038957
100050083
100033912
100050084
100030772
100030795
100003166
100024449
100008303
100011225
100011339
100033264
100037950
100033268
100033548
100011553
100050086
100026605
100027164
100033546
100050097
100025129
100025305
100050098
100050099
100050100
100050101
100050102
100047205
100047067
100047071
100050103
100036045
100050104
100050105
100035512
100015992
100017720
100004075
100014490
100050106
100050107
100040798
100040657
100050109
100050110
100050111
100039340
100037471
100050112
100028594
100050115
100050114
15745
100050117
100050116
100050118
100020698
100041698
100017944
100033583
541
100047285
100022563
585
100011942
13041
100033206
21643
21687
31712
100015070
35576
100027033
100042466
100050120
100045722
100030878
100030876
100003178
100028714
100035447
100023357
100024479
100023356
100012858
100013170
100031631
100033325
100038003
100015562
100033199
100015563
100011312
100050121
100027355
100050122
3042
100035208
3152
100050123
100050124
100050125
100050126
100050127
100050128
100050129
100050130
100050131
100050132
100050133
100050134
100050135
100050137
100050138
100050139
100050141
100050140
100050142
100050143
100050145
100050146
100050147
100050148
100050150
100050151
100050152
100050153
100050155
100050157
100050158
100050156
100050160
100050159
100050161
100050162
100050164
100050163
100050165
100050166
100050168
100050167
100050171
100050169
100050170
100050173
100050172
100050175
100050174
100050176
100050178
100050177
100050180
100050179
100050182
100050181
100050183
100050184
100050185
100050187
100050186
100050189
100050190
100050191
100050192
100050193
100050195
100050197
100050196
100050199
100050200
100050201
100050202
100050205
100050204
100050206
100050207
100050209
100050210
100050212
100050213
100050214
100050215
100050216
100050218
100050219
100050220
100050217
100050221
100050223
100050222
100050225
100050224
100050226
100050227
100050228
100050229
100050230
100050233
100050232
100050235
100050234
100050236
100050237
100050238
100050241
100050240
100050242
100050243
100050239
100004113
100016023
100016442
100019776
100050244
100026017
100027525
100029622
100029772
100035227
100036455
100036561
100044184
100050245
100050246
100050247
100050248
100050249
100050250
100050251
100050253
100050254
100050252
100050255
100050256
100050257
100050258
100050260
100050259
100050261
100050263
100050264
100050265
100046871
100046863
100023447
100038465
100044279
100047363
100043167
100037572
100037621
100038350
100034401
100040454
100050266
100012046
100050267
100050268
100050269
100050270
100050271
100050272
100050273
100050274
100050275
100050276
100050277
100050278
100050279
100050281
100050280
100050282
100050283
100050285
100050284
100050288
100050289
100050290
100050291
100050292
100050293
100050294
100050295
100050296
100050297
100050298
100050299
100050301
100050302
100050300
100050303
100050304
100050306
100050305
100050307
100050308
100050310
100050311
100050309
100050312
100050313
100050314
100050316
100050315
100050317
100050318
100050319
100050320
100050321
100050322
100050324
100050323
100050325
100050326
100050327
100050328
100050329
100050331
100050332
100050333
100050335
100050334
100050339
100050337
100050338
100050340
100050341
100050342
100050343
100050344
100050345
100050346
100050347
100050348
100050349
100050350
100050351
100050336
100033591
100023626
100036753
100043487
100025437
100018006
32542
100043486
100028497
100028486
100050352
100050353
100050354
100050355
100043213
100050356
100050357
100050358
100050359
100050360
100050362
100043208
100050361
100050364
100050366
100050367
100050368
100050370
100050369
100050371
100050373
100050372
100050374
100050375
100050377
100050376
100050378
100050379
100050381
100050380
100050383
100050382
100050384
100050385
33319
33698
100050386
100050388
100050387
100050389
100050390
100050391
100050394
100050393
100050392
100050395
100050396
100050398
100050397
100050399
100050401
100043731
100050400
100050402
100050403
100050405
100050404
100050406
100050407
100050408
100050409
100050410
100050411
100050412
100050413
100050414
100050415
100050416
100050417
100050419
100050420
100050422
100050421
100050423
100050424
100050425
100050428
100050426
100050427
100050429
100050430
100050431
100050432
100050433
100050435
100050434
100050436
100050438
100050437
100050439
100050440
100050441
100050442
100050444
100050445
100050446
100050443
100050447
100050448
100050449
100050450
100050451
100050453
100050452
100050454
100050455
100050456
100050457
100050458
100050459
100050460
100050461
100050464
100050462
100050466
100050465
100050467
100050469
100050468
100050471
100050470
100050473
100050472
100050474
100050475
100050477
100050476
100050479
100050478
100050480
100050481
100050482
100050484
100050485
100050486
100050487
100050488
100050489
100050490
100050492
100050491
100050493
100050494
100050496
100050495
100050497
100050498
100050499
100050500
100050501
100050502
100050503
100050504
100050505
100050506
100050507
100050508
100050509
100050510
100050512
100050513
100050514
100050511
100050515
100037837
100050516
100050517
100050518
100050519
100050520
100050521
100050522
100050523
100050524
100050525
100050527
100050526
100050528
100050529
100050531
100050530
100050532
100050533
100050534
100050535
100050536
100050537
100050538
100050539
100050540
100050541
100050542
100050543
100050544
100050545
100050546
100050548
100028503
100050549
100050550
100040949
100044474
100040961
100040959
100040951
100044471
100040954
100040953
100040942
100044497
100044494
100044485
100040950
100044493
100044489
100044488
100044487
100044482
100044480
100050551
100050552
100050553
100050554
100050555
100050556
100050557
100050558
100050560
100050561
100050562
100050563
100050564
100050565
100050566
100050567
100050568
100050569
100050570
100050571
100050572
100050573
100050574
100050575
100050576
100050578
100050579
100050580
100050581
100050582
100050583
100050584
100050586
100050588
100050593
100050594
100050591
100050595
100050596
100050597
100050598
100050599
100050600
100050601
100050602
100050603
100050604
100050605
100050606
100050607
100050608
100050609
100050610
100050611
100050612
100050614
100050615
100050616
100050617
100046379
100046378
100015969
100015971
100042255
100042256
100040172
100040078
100040039
100040140
100016914
100029133
100042872
100050618
100050620
100050621
100050619
100050622
100050623
100050624
100050625
100050626
100050627
100050628
100050629
100050630
100050631
100050633
100050632
100050634
100050635
100050636
100050638
100050637
100050640
100050639
100050641
100050642
100050643
100042304
100050644
100050645
100050646
100050647
100050649
100050648
100050650
100050651
100050653
100050652
100050654
100050655
100050656
100050657
100050658
100050659
100050660
100050677
100050678
100050679
100050680
100050681
100042299
100041399
100042315
100042313
100034924
100034927
100046405
100039159
100029766
100044891
100044816
100044886
100050682
100047624
100037454
100030966
100017956
100050683
100050684
100050685
100050686
100050687
100050689
100050688
100050690
100050691
100050692
100050693
100050694
100050696
100050695
100050697
100050699
100050701
100050702
100050703
100050704
100050705
100050706
100050707
100050700
100050708
100050709
100050710
100050711
100050713
100050715
100050714
100050716
100050717
100050718
100050722
100050721
100050723
100050724
100050725
100050726
100050727
100050728
100050730
100050731
100050732
100050733
100050734
100050735
100050736
100050738
100050739
100050740
100050741
100050742
100050743
100050744
100050745
100050746
100050747
100050748
100050750
100050749
100050751
100050752
100050753
100050754
100033520
100014827
100034114
100021912
100033962
100027325
100032901
100009590
100007535
100047159
100050755
100050756
100050757
100050758
100050759
100050760
100050761
100050764
100050763
100050762
100050765
100050766
100050767
100050768
100050770
100050771
100050773
100050772
100050774
100050775
100050776
100050777
100050778
100050769
100050779
100050780
100050781
100050782
100050783
100050784
100050785
100050786
100021047
100050787
100050788
100050789
100050790
100050791
100050792
100050793
100050794
100050795
100050796
100050797
100050798
100050799
34399
100050800
100050801
100050802
4083
100050803
100019458
9130
100033831
100025775
33980
100043288
100050804
100027050
100009798
100042988
100027551
100001561
100015685
100011267
100007847
34474
100022003
100038736
100000942
3623
3617
100038629
12213
100006268
100018348
100018562
100038321
100037432
100050805
100034322
100050806
100050807
100050808
